 31 32
 43 88
 76 99
 21 78
 65 87
 84 88
 99 82
 16 78
 82 29
 19 19
 47 63
 70 40
 97 81
 54 61
 34 51
 63 48
 16 20
 64 57
 50 56
 59 15
 64 89
 47 90
 74 90
 14 89
 20 38
 36 83
 24 36
 38 78
 39 45
 73 71
 71 74
 95 81
 47 11
 63 58
 74 42
 20 68
 46 68
 42 47
 67 50
 44 12
 25 12
 18 26
 88 24
 93 87
 85 43
 67 28
 36 59
 47 18
 66 48
 81 30
 93 34
 91 76
 69 16
 46 83
 88 42
 32 69
 53 77
 88 44
 64 41
 98 55
 49 47
 48 75
 74 88
 74 77
 92 47
 42 27
 47 31
 46 13
 38 58
 29 58
 33 73
 65 71
 96 30
 21 96
 56 99
 67 44
 45 16
 13 88
 33 89
 80 19
 70 83
 46 21
 91 29
 94 60
 15 78
 59 47
 54 70
 77 15
 47 90
 29 41
 90 44
 80 27
 56 77
 36 78
 92 32
 53 54
 58 64
 21 84
 44 81
 44 99
 76 94
 22 80
 24 89
 57 46
 70 49
 95 50
 83 29
 33 16
 90 35
 74 98
 27 33
 42 51
 39 77
 84 38
 93 82
 15 52
 41 84
 80 89
 66 96
 57 75
 63 67
 78 65
 30 62
 41 46
 20 76
 52 66
 66 37
 32 30
 77 64
 90 13
 59 19
 71 62
 95 49
 94 44
 74 73
 57 93
 91 63
 87 44
 63 26
 55 40
 83 72
 65 93
 13 25
 18 37
 12 72
 20 30
 66 46
 38 64
 55 100
 39 21
 13 42
 78 34
 71 19
 93 63
 71 12
 86 33
 87 88
 87 97
 44 76
 94 39
 95 18
 34 59
 47 80
 41 18
 92 82
 31 70
 39 11
 13 35
 65 87
 58 47
 29 89
 45 26
 51 86
 57 82
 75 42
 44 41
 37 94
 61 33
 99 73
 97 78
 80 77
 47 42
 87 60
 45 27
 41 80
 44 46
 74 29
 79 42
 80 88
 71 29
 29 24
 71 100
 13 85
 99 95
 79 36
 15 100
 77 40
 55 48
 23 65
 54 84
 60 75
 35 28
 30 45
 88 53
 24 12
 68 92
 30 84
 57 75
 56 38
 43 96
 80 13
 39 37
 24 71
 100 25
 82 26
 13 51
 75 52
 93 74
 67 31
 42 97
 46 12
 87 54
 64 76
 69 21
 71 42
 90 43
 85 85
 63 100
 48 49
 98 81
 63 56
 53 54
 29 91
 51 73
 48 59
 19 19
 39 97
 55 16
 84 95
 37 54
 69 44
 66 72
 91 87
 24 19
 90 94
 87 60
 35 23
 30 54
 22 88
 32 97
