 35 25
 84 29
 93 66
 89 47
 19 20
 73 46
 22 65
 24 28
 53 25
 27 65
 58 66
 83 27
 61 57
 83 80
 98 45
 26 58
 78 85
 11 12
 46 33
 83 85
 16 62
 31 68
 12 38
 83 95
 14 80
 88 52
 25 40
 91 97
 94 31
 25 93
 65 72
 39 50
 47 34
 16 95
 32 95
 86 67
 96 82
 99 46
 62 72
 68 47
 39 28
 19 12
 14 97
 58 44
 17 31
 39 98
 48 17
 62 29
 39 61
 98 85
 77 87
 62 84
 45 74
 51 52
 15 42
 92 23
 46 31
 96 78
 55 26
 34 19
 55 94
 12 51
 83 93
 15 84
 54 64
 49 97
 11 90
 29 49
 17 89
 38 85
 73 82
 33 90
 58 29
 63 31
 25 83
 85 58
 67 38
 64 71
 73 30
 43 68
 85 89
 45 73
 60 24
 54 78
 61 47
 30 25
 12 50
 99 26
 80 87
 46 83
 83 21
 29 96
 20 80
 75 33
 12 95
 60 30
 80 48
 73 84
 84 21
 53 66
 68 22
 81 61
 46 13
 48 56
 15 87
 82 69
 60 81
 99 23
 99 94
 67 29
 69 84
 99 65
 57 14
 40 11
 67 36
 49 16
 12 37
 39 23
 31 34
 84 16
 24 67
 35 92
 81 77
 64 33
 37 96
 26 83
 54 24
 67 17
 49 34
 63 14
 76 17
 25 89
 89 43
 21 44
 28 12
 44 93
 33 39
 98 52
 97 44
 95 44
 66 33
 25 59
 77 30
 42 53
 80 50
 49 86
 60 66
 29 75
 50 82
 36 77
 16 94
 31 92
 19 13
 30 59
 46 89
 92 85
 25 80
 64 77
 77 20
 60 13
 63 85
 91 95
 87 97
 78 29
 32 93
 43 20
 19 96
 62 89
 74 68
 80 28
 28 98
 75 17
 91 19
 30 71
 84 94
 44 19
 94 100
 30 97
 18 40
 59 57
 43 31
 41 48
 53 97
 31 86
 50 91
 67 64
 78 78
 77 26
 30 79
 43 60
 100 40
 43 85
 81 12
 63 84
 14 63
 16 100
 97 61
 23 17
 83 51
 61 100
 93 82
 97 81
 53 33
 100 96
 24 93
 99 53
 11 54
 12 94
 80 52
 97 94
 25 72
 25 35
 83 90
 58 39
 16 33
 23 38
 77 90
 20 56
 75 79
 100 12
 63 23
 71 49
 17 14
 99 52
 19 42
 98 62
 64 25
 92 47
 32 40
 55 68
 91 74
 14 79
 62 31
 83 21
 30 24
 40 62
 58 14
 87 85
 67 23
 89 86
 16 30
 14 65
 33 78
 22 98
 73 43
 18 19
 23 35
 95 31
 23 13
 69 72
